9 0.265625 0.3796875 0.01171875 0.0375
9 0.29296875 0.39453125 0.0109375 0.034375
9 0.32109375 0.43984375 0.00859375 0.03359375
2 0.4984375 0.42734375 0.0125 0.01640625
9 0.4984375 0.4171875 0.01328125 0.034375
2 0.546875 0.428125 0.00859375 0.0125
9 0.54765625 0.41953125 0.01171875 0.03515625
2 0.62421875 0.45234375 0.009375 0.01171875
9 0.6234375 0.44609375 0.0109375 0.04375
6 0.26640625 0.36875 0.01015625 0.01640625
6 0.2921875 0.38515625 0.0140625 0.015625
6 0.32109375 0.428125 0.00703125 0.0171875