9 0.203125 0.3484375 0.01484375 0.05625
6 0.2046875 0.33203125 0.0109375 0.01796875
9 0.24921875 0.37109375 0.01171875 0.04609375
6 0.25 0.359375 0.00546875 0.0125
9 0.2921875 0.42890625 0.0078125 0.03828125
6 0.2921875 0.41953125 0.00546875 0.0109375
9 0.50234375 0.40703125 0.00703125 0.03515625
2 0.5015625 0.41484375 0.00703125 0.0109375
9 0.56015625 0.40703125 0.00859375 0.03984375
2 0.559375 0.41484375 0.00625 0.0109375
9 0.64921875 0.434375 0.00859375 0.034375
2 0.64921875 0.44453125 0.00546875 0.0125