9 0.0546875 0.27265625 0.021875 0.08515625
9 0.15234375 0.32265625 0.0203125 0.065625
9 0.2328125 0.41015625 0.01171875 0.0546875
2 0.50546875 0.39296875 0.0125 0.02265625
9 0.5046875 0.3828125 0.01328125 0.04765625
2 0.578125 0.3921875 0.009375 0.01953125
9 0.57734375 0.37890625 0.01328125 0.04140625
6 0.05546875 0.24765625 0.01875 0.02890625
6 0.15234375 0.29921875 0.0140625 0.02578125
6 0.234375 0.3953125 0.01171875 0.025
2 0.6921875 0.4328125 0.00859375 0.01953125
9 0.69140625 0.42421875 0.0171875 0.053125