9 0.49921875 0.41953125 0.00625 0.0296875
6 0.4984375 0.41171875 0.0046875 0.00859375
9 0.54765625 0.41953125 0.00546875 0.0296875
6 0.54765625 0.4109375 0.0046875 0.0109375
9 0.62421875 0.44609375 0.00546875 0.02734375
6 0.62421875 0.4375 0.0046875 0.0078125
9 0.265625 0.38203125 0.009375 0.04140625
10 0.26640625 0.38203125 0.00546875 0.01171875
9 0.29375 0.396875 0.0078125 0.03671875
10 0.2953125 0.3984375 0.00390625 0.01015625
9 0.32265625 0.4421875 0.00625 0.0296875
10 0.32265625 0.440625 0.00390625 0.0078125