2 0.26640625 0.39453125 0.01015625 0.01328125
9 0.26640625 0.3828125 0.009375 0.0421875
2 0.29375 0.40703125 0.00703125 0.0140625
9 0.29375 0.39453125 0.01015625 0.0390625
2 0.321875 0.45390625 0.00703125 0.01015625
9 0.321875 0.44296875 0.00703125 0.0328125
9 0.4984375 0.4203125 0.009375 0.0265625
9 0.5484375 0.42109375 0.0078125 0.02890625
9 0.625 0.44765625 0.00703125 0.03671875
6 0.49921875 0.41171875 0.00859375 0.0125
6 0.5484375 0.4125 0.00546875 0.01328125
6 0.625 0.43671875 0.0046875 0.01875