9 0.265625 0.37890625 0.0078125 0.040625
9 0.29296875 0.39296875 0.01015625 0.03359375
9 0.321875 0.440625 0.01015625 0.03515625
2 0.496875 0.42734375 0.01015625 0.009375
9 0.496875 0.4171875 0.00859375 0.03046875
2 0.54765625 0.4296875 0.0125 0.01640625
9 0.54765625 0.4171875 0.009375 0.03125
2 0.6234375 0.4546875 0.009375 0.0125
9 0.6265625 0.44765625 0.01015625 0.03515625
6 0.265625 0.36953125 0.01171875 0.0109375
6 0.29375 0.3859375 0.0078125 0.01796875
6 0.32109375 0.4296875 0.00859375 0.0125