9 0.625 0.44609375 0.00625 0.028125
9 0.5484375 0.41953125 0.00625 0.028125
6 0.54765625 0.4109375 0.0046875 0.00859375
6 0.625 0.4375 0.00546875 0.0078125
9 0.4984375 0.41953125 0.00625 0.02890625
6 0.4984375 0.4109375 0.0046875 0.00859375
9 0.265625 0.38203125 0.009375 0.04140625
9 0.29453125 0.396875 0.009375 0.03671875
10 0.26640625 0.38359375 0.00546875 0.009375
10 0.2953125 0.3984375 0.00390625 0.0078125
9 0.3234375 0.43984375 0.00703125 0.03515625
10 0.32265625 0.44296875 0.00390625 0.00703125