9 0.49921875 0.41953125 0.0046875 0.02421875
6 0.49921875 0.4109375 0.003125 0.00703125
9 0.54765625 0.4203125 0.0046875 0.0265625
6 0.5484375 0.4109375 0.003125 0.0078125
9 0.62421875 0.4453125 0.0046875 0.02421875
6 0.62421875 0.43828125 0.00390625 0.0078125
9 0.26484375 0.38125 0.0078125 0.03984375
2 0.26640625 0.3953125 0.00390625 0.009375
9 0.29375 0.396875 0.00625 0.03359375
9 0.32265625 0.440625 0.0046875 0.03125
2 0.29453125 0.409375 0.003125 0.00703125
2 0.32265625 0.4515625 0.00234375 0.00625