2 0.26640625 0.3953125 0.01015625 0.01171875
9 0.265625 0.38125 0.01015625 0.04609375
2 0.29453125 0.40859375 0.0078125 0.01484375
9 0.29375 0.39609375 0.009375 0.03828125
2 0.321875 0.4515625 0.00859375 0.0140625
9 0.32265625 0.43984375 0.009375 0.034375
9 0.4984375 0.41953125 0.01015625 0.03515625
9 0.54765625 0.42109375 0.009375 0.03828125
9 0.62421875 0.44453125 0.01171875 0.03671875
6 0.49765625 0.40703125 0.01015625 0.01484375
6 0.54765625 0.409375 0.009375 0.015625
6 0.625 0.43671875 0.00703125 0.01328125