9 0.4984375 0.4203125 0.00625 0.03046875
6 0.4984375 0.4109375 0.0046875 0.01015625
9 0.54765625 0.41953125 0.00546875 0.02578125
6 0.54765625 0.41171875 0.0046875 0.01015625
9 0.62421875 0.446875 0.00625 0.02890625
6 0.62421875 0.4375 0.0046875 0.009375
9 0.265625 0.38203125 0.01015625 0.04140625
10 0.26640625 0.38203125 0.0046875 0.01015625
9 0.29453125 0.39765625 0.0078125 0.0375
10 0.2953125 0.39921875 0.00390625 0.01171875
9 0.32265625 0.440625 0.00546875 0.034375
10 0.32265625 0.44140625 0.00390625 0.01171875