9 0.265625 0.38203125 0.01015625 0.04140625
2 0.2671875 0.3953125 0.00703125 0.009375
9 0.29453125 0.396875 0.00859375 0.0359375
2 0.2953125 0.4078125 0.00390625 0.01015625
9 0.32265625 0.4421875 0.00625 0.03515625
2 0.3234375 0.4515625 0.00390625 0.01015625
9 0.49921875 0.42109375 0.00546875 0.02890625
6 0.49921875 0.4125 0.0046875 0.01015625
9 0.54765625 0.4203125 0.00625 0.03125
6 0.54765625 0.41171875 0.0046875 0.0109375
9 0.625 0.446875 0.00703125 0.02890625
6 0.62421875 0.43828125 0.00390625 0.00859375