9 0.9875 0.759375 0.025 0.009375
9 0.26640625 0.38125 0.009375 0.040625
2 0.2671875 0.39453125 0.00546875 0.01015625
9 0.29453125 0.39609375 0.00703125 0.034375
2 0.29453125 0.40859375 0.0046875 0.00703125
9 0.3234375 0.43984375 0.00546875 0.0296875
2 0.3234375 0.45078125 0.00234375 0.00625
9 0.49921875 0.41875 0.00625 0.0296875
9 0.5484375 0.41875 0.0046875 0.028125
9 0.62421875 0.4453125 0.00703125 0.02890625
6 0.62421875 0.4375 0.0046875 0.00859375
6 0.5484375 0.4109375 0.00390625 0.0078125
6 0.49921875 0.4109375 0.0046875 0.01015625