9 0.26640625 0.3828125 0.01015625 0.04296875
10 0.29453125 0.39765625 0.0078125 0.01171875
9 0.29375 0.39453125 0.0078125 0.0375
9 0.321875 0.44140625 0.00703125 0.0390625
9 0.4984375 0.4203125 0.00859375 0.02890625
9 0.54609375 0.4171875 0.0078125 0.0296875
9 0.62421875 0.44609375 0.01015625 0.03984375
10 0.26640625 0.38359375 0.009375 0.0125
10 0.321875 0.44296875 0.00625 0.00859375
6 0.4984375 0.4125 0.00859375 0.01171875
6 0.546875 0.4125 0.009375 0.01015625
6 0.62421875 0.43828125 0.009375 0.01015625