9 0.265625 0.38203125 0.009375 0.04140625
6 0.26640625 0.3703125 0.0046875 0.0109375
9 0.29375 0.396875 0.00703125 0.0328125
6 0.2953125 0.38828125 0.00546875 0.01015625
9 0.3234375 0.44140625 0.00546875 0.03046875
6 0.32265625 0.4328125 0.003125 0.00625
9 0.49921875 0.4203125 0.00625 0.028125
6 0.49921875 0.41171875 0.00546875 0.0078125
9 0.54765625 0.41953125 0.00546875 0.02890625
6 0.54765625 0.4109375 0.0046875 0.0078125
9 0.62421875 0.44609375 0.00546875 0.02578125
6 0.62421875 0.4375 0.0046875 0.00703125