2 0.26640625 0.3953125 0.009375 0.01640625
2 0.265625 0.38203125 0.01015625 0.04375
2 0.29453125 0.40859375 0.0078125 0.01640625
9 0.29453125 0.39609375 0.01015625 0.03828125
6 0.32265625 0.4515625 0.00625 0.01171875
9 0.32265625 0.440625 0.00625 0.03671875
9 0.49765625 0.41875 0.0078125 0.03125
9 0.5484375 0.42109375 0.00625 0.02890625
9 0.62421875 0.4453125 0.0078125 0.03046875
6 0.4984375 0.4109375 0.00703125 0.0125
6 0.5484375 0.41171875 0.00703125 0.009375
6 0.625 0.43671875 0.0046875 0.0125