9 0.62421875 0.44453125 0.00625 0.0296875
6 0.62421875 0.4375 0.0046875 0.00859375
9 0.5484375 0.41875 0.00546875 0.02734375
6 0.5484375 0.41171875 0.00390625 0.009375
9 0.4984375 0.41875 0.00625 0.0328125
6 0.4984375 0.4109375 0.0046875 0.0109375
9 0.3234375 0.440625 0.00546875 0.03203125
10 0.32265625 0.44296875 0.00390625 0.0078125
9 0.29453125 0.39609375 0.00703125 0.0328125
9 0.265625 0.38125 0.009375 0.03828125
10 0.26640625 0.384375 0.00390625 0.00703125
10 0.2953125 0.3984375 0.003125 0.00859375