2 0.26640625 0.3953125 0.0109375 0.01484375
9 0.26640625 0.38125 0.0109375 0.04609375
2 0.29453125 0.41015625 0.0109375 0.01171875
9 0.29453125 0.3953125 0.0078125 0.0390625
2 0.32265625 0.45390625 0.00546875 0.009375
9 0.3234375 0.44375 0.00625 0.03515625
9 0.4984375 0.4203125 0.009375 0.0328125
9 0.54765625 0.41796875 0.009375 0.03125
9 0.62421875 0.44609375 0.01015625 0.0359375
6 0.4984375 0.4109375 0.00625 0.01328125
6 0.54765625 0.40859375 0.0078125 0.015625
6 0.6234375 0.43671875 0.009375 0.01171875