9 0.4984375 0.41953125 0.0046875 0.0265625
9 0.54765625 0.41953125 0.00390625 0.02578125
9 0.625 0.44609375 0.00625 0.02578125
6 0.62421875 0.4375 0.00390625 0.00703125
9 0.26484375 0.38125 0.0078125 0.03828125
2 0.26640625 0.3953125 0.00390625 0.009375
9 0.29375 0.39765625 0.00703125 0.03515625
2 0.29453125 0.40859375 0.003125 0.00859375
9 0.32265625 0.440625 0.0046875 0.0328125
2 0.32265625 0.4515625 0.003125 0.00625
6 0.54765625 0.41171875 0.00390625 0.00859375
6 0.4984375 0.4109375 0.0046875 0.0078125