9 0.49921875 0.41953125 0.0046875 0.02578125
6 0.4984375 0.41171875 0.00390625 0.00859375
9 0.5484375 0.41953125 0.00390625 0.0265625
6 0.5484375 0.4125 0.00390625 0.00859375
9 0.62421875 0.4453125 0.00546875 0.0265625
6 0.62421875 0.43828125 0.0046875 0.0078125
9 0.265625 0.38125 0.0078125 0.040625
2 0.2671875 0.39375 0.0046875 0.01171875
9 0.29375 0.396875 0.00703125 0.03671875
2 0.2953125 0.40859375 0.00390625 0.009375
9 0.3234375 0.44296875 0.0046875 0.0296875
2 0.3234375 0.4515625 0.003125 0.0078125