2 0.265625 0.39453125 0.00703125 0.01484375
9 0.265625 0.38203125 0.0109375 0.0546875
2 0.29453125 0.40859375 0.00546875 0.01171875
9 0.2953125 0.39765625 0.00859375 0.0390625
2 0.32265625 0.45234375 0.00625 0.009375
9 0.3234375 0.44453125 0.0078125 0.03515625
9 0.5 0.42109375 0.00859375 0.03515625
9 0.54921875 0.4203125 0.00859375 0.03359375
9 0.625 0.44375 0.0109375 0.0375
6 0.49921875 0.4109375 0.00703125 0.01015625
6 0.5484375 0.41171875 0.00703125 0.01328125
6 0.625 0.4359375 0.00625 0.0140625