2 0.265625 0.39453125 0.00859375 0.0140625
9 0.265625 0.3828125 0.0109375 0.040625
2 0.29453125 0.40703125 0.0078125 0.0125
9 0.29375 0.3953125 0.00859375 0.03671875
2 0.32265625 0.453125 0.00703125 0.009375
9 0.321875 0.44140625 0.00703125 0.03515625
9 0.4984375 0.41953125 0.00703125 0.0328125
9 0.5484375 0.42109375 0.00546875 0.02890625
9 0.62421875 0.44453125 0.009375 0.0328125
6 0.4984375 0.40859375 0.00703125 0.0140625
6 0.54765625 0.41171875 0.00625 0.01171875
6 0.6234375 0.4375 0.0078125 0.01171875