2 0.265625 0.3953125 0.00859375 0.01171875
9 0.265625 0.38203125 0.01015625 0.0421875
2 0.29375 0.409375 0.00859375 0.01015625
9 0.29375 0.396875 0.009375 0.03828125
2 0.321875 0.45234375 0.0078125 0.0109375
9 0.32265625 0.44375 0.00703125 0.03046875
9 0.49921875 0.4203125 0.00703125 0.02890625
9 0.54765625 0.41953125 0.00859375 0.03046875
9 0.6234375 0.4453125 0.01015625 0.03671875
6 0.49765625 0.41171875 0.009375 0.0125
6 0.54765625 0.409375 0.00859375 0.01484375
6 0.6234375 0.43515625 0.00859375 0.01640625