9 0.265625 0.38203125 0.009375 0.0375
9 0.29453125 0.3953125 0.0078125 0.03203125
9 0.32265625 0.44140625 0.00703125 0.03359375
9 0.4984375 0.4203125 0.00703125 0.03125
9 0.54765625 0.41953125 0.00703125 0.03203125
9 0.62421875 0.44453125 0.0078125 0.0328125
6 0.62421875 0.43671875 0.0046875 0.01015625
6 0.54765625 0.4109375 0.00546875 0.00859375
6 0.49921875 0.4109375 0.00546875 0.01015625
10 0.32265625 0.4421875 0.003125 0.00703125
10 0.2953125 0.39921875 0.00390625 0.0078125
10 0.26640625 0.38359375 0.00390625 0.00859375