2 0.265625 0.39453125 0.0078125 0.01484375
9 0.26640625 0.38359375 0.009375 0.04296875
2 0.29453125 0.40859375 0.00859375 0.01328125
9 0.29453125 0.396875 0.01015625 0.0359375
2 0.32109375 0.453125 0.0078125 0.0109375
9 0.321875 0.44375 0.009375 0.03671875
9 0.4984375 0.41953125 0.0078125 0.0296875
9 0.5484375 0.4203125 0.0078125 0.03359375
9 0.6234375 0.44609375 0.01015625 0.03515625
6 0.4984375 0.41015625 0.00625 0.01328125
6 0.5484375 0.4109375 0.00625 0.0140625
6 0.6234375 0.43671875 0.01015625 0.01640625