9 0.265625 0.38203125 0.00859375 0.03984375
9 0.29453125 0.396875 0.00859375 0.03515625
9 0.32265625 0.4390625 0.00546875 0.0328125
9 0.54765625 0.41875 0.00625 0.03046875
9 0.4984375 0.41875 0.00625 0.03046875
9 0.62421875 0.4453125 0.00625 0.028125
6 0.62421875 0.43671875 0.0046875 0.00859375
6 0.54765625 0.4109375 0.00546875 0.009375
6 0.4984375 0.41171875 0.0046875 0.009375
10 0.32265625 0.44296875 0.00234375 0.00546875
10 0.2953125 0.39765625 0.00390625 0.0078125
10 0.26640625 0.38359375 0.00234375 0.00703125