2 0.265625 0.3953125 0.0078125 0.0140625
9 0.265625 0.38203125 0.01015625 0.04453125
2 0.29375 0.409375 0.0078125 0.0125
9 0.29375 0.39609375 0.00859375 0.0390625
2 0.32265625 0.45234375 0.00546875 0.009375
9 0.32265625 0.4421875 0.00703125 0.034375
9 0.49921875 0.4203125 0.00859375 0.03046875
9 0.54765625 0.4203125 0.00859375 0.0296875
9 0.62421875 0.44609375 0.009375 0.03515625
6 0.4984375 0.41171875 0.00859375 0.01171875
6 0.54765625 0.41015625 0.009375 0.0125
6 0.6234375 0.434375 0.0109375 0.0109375