9 0.62421875 0.4453125 0.00546875 0.0296875
6 0.62421875 0.4375 0.00390625 0.00859375
9 0.54765625 0.41875 0.0046875 0.02734375
6 0.54765625 0.41171875 0.00390625 0.009375
9 0.4984375 0.41953125 0.0046875 0.02734375
6 0.4984375 0.4109375 0.0046875 0.009375
9 0.265625 0.38125 0.009375 0.0390625
9 0.29453125 0.39609375 0.0078125 0.03515625
6 0.26640625 0.37265625 0.0046875 0.00859375
6 0.29453125 0.3875 0.0046875 0.0078125
9 0.32265625 0.43984375 0.00625 0.0296875
6 0.32265625 0.43359375 0.003125 0.00703125