9 0.2671875 0.38203125 0.0109375 0.04296875
9 0.29375 0.39765625 0.01171875 0.03671875
9 0.321875 0.4421875 0.009375 0.0359375
9 0.5 0.41796875 0.00703125 0.028125
9 0.54765625 0.41953125 0.0109375 0.02734375
9 0.62421875 0.4453125 0.009375 0.03203125
6 0.26640625 0.36796875 0.0109375 0.01484375
6 0.29296875 0.3859375 0.01015625 0.01171875
6 0.32109375 0.43359375 0.009375 0.01171875
6 0.49921875 0.4125 0.0078125 0.01015625
6 0.546875 0.4125 0.00859375 0.0109375
6 0.62421875 0.434375 0.00703125 0.0140625