9 0.62421875 0.4453125 0.00625 0.0296875
6 0.62421875 0.43671875 0.0046875 0.01015625
9 0.5484375 0.41875 0.00625 0.028125
6 0.5484375 0.4109375 0.0046875 0.009375
9 0.49921875 0.41953125 0.0046875 0.028125
6 0.49921875 0.4109375 0.00390625 0.0078125
9 0.3234375 0.43984375 0.00546875 0.03046875
9 0.29453125 0.39609375 0.0078125 0.03203125
2 0.2953125 0.409375 0.00390625 0.00546875
9 0.26640625 0.38125 0.009375 0.0375
2 0.2671875 0.3953125 0.00390625 0.00703125
2 0.32265625 0.4515625 0.00234375 0.0046875