9 0.62421875 0.4453125 0.00703125 0.02890625
6 0.62421875 0.4375 0.0046875 0.009375
9 0.5484375 0.41875 0.0046875 0.02734375
6 0.54765625 0.41171875 0.00390625 0.00859375
9 0.49921875 0.41953125 0.00546875 0.02890625
6 0.49921875 0.41171875 0.00390625 0.00859375
9 0.265625 0.38203125 0.009375 0.0390625
9 0.29453125 0.39609375 0.0078125 0.034375
9 0.3234375 0.4390625 0.00625 0.0296875
10 0.26640625 0.38203125 0.00546875 0.01171875
10 0.2953125 0.39765625 0.00546875 0.009375
10 0.3234375 0.44296875 0.00390625 0.0078125