9 0.62421875 0.44375 0.00703125 0.03125
2 0.625 0.45234375 0.00390625 0.01015625
9 0.5484375 0.41953125 0.00625 0.02734375
2 0.54765625 0.4265625 0.0046875 0.009375
9 0.49921875 0.41796875 0.00546875 0.02734375
2 0.49921875 0.42578125 0.0046875 0.01015625
9 0.26484375 0.37890625 0.01015625 0.04296875
9 0.29453125 0.39453125 0.00703125 0.0328125
9 0.32265625 0.4390625 0.00625 0.03203125
6 0.32265625 0.4328125 0.003125 0.00625
6 0.29453125 0.38671875 0.003125 0.00625
6 0.265625 0.37109375 0.003125 0.00625