9 0.62421875 0.4453125 0.00703125 0.02890625
6 0.62421875 0.4375 0.00390625 0.00703125
9 0.54765625 0.41875 0.00546875 0.0296875
6 0.5484375 0.41171875 0.0046875 0.00859375
9 0.4984375 0.4203125 0.00625 0.02890625
6 0.4984375 0.41171875 0.0046875 0.00859375
9 0.3234375 0.43984375 0.00546875 0.03203125
2 0.3234375 0.4515625 0.003125 0.00546875
9 0.29453125 0.39609375 0.00859375 0.03515625
2 0.2953125 0.409375 0.003125 0.00625
9 0.265625 0.3828125 0.009375 0.04140625
2 0.26640625 0.3953125 0.0046875 0.01015625