9 0.265625 0.38203125 0.01015625 0.040625
6 0.2671875 0.3703125 0.00625 0.01171875
9 0.29453125 0.396875 0.009375 0.0359375
6 0.29609375 0.3875 0.00546875 0.01015625
9 0.3234375 0.44140625 0.0046875 0.034375
6 0.3234375 0.43203125 0.00390625 0.00859375
9 0.49921875 0.4203125 0.00703125 0.0296875
6 0.49921875 0.4109375 0.00546875 0.00859375
9 0.5484375 0.42109375 0.00625 0.03125
6 0.5484375 0.41171875 0.0046875 0.009375
9 0.625 0.4453125 0.00703125 0.028125
6 0.62421875 0.4375 0.0046875 0.00859375