9 0.67109375 0.4265625 0.01015625 0.0390625
2 0.67109375 0.43671875 0.00625 0.01171875
9 0.56953125 0.39140625 0.0078125 0.040625
9 0.50390625 0.390625 0.0078125 0.040625
2 0.5703125 0.40234375 0.00625 0.0140625
2 0.50390625 0.4015625 0.00625 0.01328125
9 0.26484375 0.4171875 0.00859375 0.0453125
6 0.2640625 0.409375 0.00625 0.00859375
9 0.20546875 0.34609375 0.01171875 0.04921875
6 0.20546875 0.33515625 0.00703125 0.0078125
9 0.1375 0.3125 0.0140625 0.06015625
6 0.13984375 0.2953125 0.00859375 0.015625