2 0.265625 0.3953125 0.00859375 0.01171875
9 0.265625 0.3828125 0.00859375 0.04453125
2 0.29375 0.40859375 0.0078125 0.01328125
9 0.29296875 0.39765625 0.01171875 0.04140625
2 0.32265625 0.45078125 0.00625 0.009375
9 0.3234375 0.44296875 0.00625 0.03125
9 0.49921875 0.42109375 0.00625 0.03046875
9 0.5484375 0.42109375 0.00703125 0.0265625
9 0.62421875 0.4453125 0.01015625 0.03125
6 0.4984375 0.4109375 0.0078125 0.009375
6 0.546875 0.4109375 0.00859375 0.0125
6 0.62421875 0.43671875 0.01015625 0.01171875