9 0.265625 0.38203125 0.009375 0.0421875
2 0.26640625 0.3953125 0.00546875 0.0078125
9 0.29453125 0.396875 0.009375 0.03671875
2 0.2953125 0.409375 0.00546875 0.0078125
9 0.32265625 0.44140625 0.00546875 0.03359375
2 0.32265625 0.45234375 0.00234375 0.00546875
9 0.49921875 0.4203125 0.00546875 0.028125
6 0.49921875 0.41171875 0.00390625 0.0078125
9 0.54765625 0.41953125 0.00625 0.02890625
6 0.5484375 0.41171875 0.0046875 0.01015625
9 0.62421875 0.44609375 0.0046875 0.0265625
6 0.62421875 0.43828125 0.00390625 0.009375