9 0.26484375 0.38125 0.0109375 0.04375
9 0.29375 0.39921875 0.0109375 0.04609375
9 0.32109375 0.43984375 0.009375 0.0359375
9 0.4984375 0.4203125 0.00859375 0.02890625
9 0.54765625 0.41875 0.01015625 0.028125
9 0.6234375 0.4453125 0.01015625 0.034375
6 0.265625 0.371875 0.009375 0.0109375
6 0.29453125 0.3859375 0.0078125 0.0140625
6 0.321875 0.43203125 0.00859375 0.0109375
6 0.4984375 0.4125 0.009375 0.009375
6 0.54765625 0.41171875 0.00859375 0.0109375
6 0.62421875 0.4359375 0.00703125 0.01015625