9 0.1921875 0.34296875 0.0125 0.04765625
9 0.240625 0.36640625 0.01015625 0.04453125
9 0.2859375 0.4296875 0.01171875 0.03984375
2 0.49921875 0.4125 0.0140625 0.0171875
9 0.50234375 0.40625 0.01328125 0.03203125
9 0.50078125 0.3890625 0.0015625 0.0046875
2 0.5625 0.415625 0.0109375 0.00703125
9 0.5625 0.40390625 0.015625 0.04140625
9 0.5625 0.40390625 0.01015625 0.03046875
2 0.653125 0.44453125 0.01328125 0.01484375
9 0.6546875 0.434375 0.0109375 0.04375
6 0.190625 0.32734375 0.0125 0.01484375
6 0.23984375 0.353125 0.009375 0.01484375
6 0.28515625 0.41484375 0.0078125 0.01171875