9 0.265625 0.38359375 0.00859375 0.04296875
2 0.26640625 0.39609375 0.00390625 0.00703125
9 0.29375 0.396875 0.00859375 0.03828125
2 0.2953125 0.40859375 0.00390625 0.00703125
9 0.3234375 0.43984375 0.00546875 0.03359375
2 0.32265625 0.4515625 0.00234375 0.00625
9 0.4984375 0.4203125 0.00625 0.02890625
6 0.4984375 0.4109375 0.00546875 0.0078125
9 0.54765625 0.42109375 0.00625 0.0296875
6 0.5484375 0.4125 0.00546875 0.009375
9 0.62421875 0.44609375 0.00546875 0.0265625
6 0.62421875 0.4375 0.00390625 0.0078125