9 0.26640625 0.38046875 0.009375 0.03671875
9 0.29453125 0.3953125 0.00859375 0.03203125
9 0.3234375 0.440625 0.00625 0.03125
6 0.32265625 0.43359375 0.003125 0.00703125
6 0.2953125 0.38828125 0.00390625 0.00859375
6 0.26640625 0.371875 0.0046875 0.0078125
9 0.4984375 0.41875 0.00625 0.03046875
6 0.49921875 0.4109375 0.0046875 0.0109375
9 0.5484375 0.41796875 0.00546875 0.02890625
6 0.5484375 0.4109375 0.0046875 0.0109375
9 0.62421875 0.44375 0.00625 0.02734375
6 0.625 0.4375 0.0046875 0.00859375