9 0.26640625 0.38125 0.00859375 0.0390625
9 0.29453125 0.39609375 0.00859375 0.03515625
9 0.3234375 0.440625 0.00546875 0.0328125
9 0.49921875 0.41875 0.0046875 0.028125
9 0.5484375 0.41953125 0.0046875 0.02890625
9 0.62421875 0.44609375 0.00625 0.028125
6 0.62421875 0.4375 0.00390625 0.0078125
6 0.5484375 0.4109375 0.003125 0.009375
6 0.49921875 0.41015625 0.00390625 0.00859375
2 0.32265625 0.4515625 0.003125 0.00703125
2 0.2953125 0.40859375 0.00390625 0.00546875
2 0.26640625 0.39609375 0.00390625 0.00703125