9 0.26640625 0.38203125 0.01015625 0.0421875
9 0.29453125 0.39609375 0.01328125 0.03671875
9 0.32265625 0.44296875 0.00859375 0.0359375
9 0.5 0.41875 0.0078125 0.0328125
9 0.5484375 0.41953125 0.0109375 0.03125
9 0.62421875 0.446875 0.01015625 0.0390625
10 0.26640625 0.38203125 0.00859375 0.0109375
10 0.29375 0.39765625 0.0109375 0.01171875
10 0.321875 0.44375 0.00703125 0.009375
6 0.49921875 0.41015625 0.00703125 0.0125
6 0.54921875 0.4125 0.00859375 0.01484375
6 0.62421875 0.4375 0.009375 0.0109375