9 0.265625 0.38203125 0.009375 0.04140625
2 0.26640625 0.3953125 0.0046875 0.00859375
9 0.29375 0.39765625 0.00859375 0.03671875
2 0.29453125 0.409375 0.003125 0.00703125
9 0.32265625 0.44140625 0.00546875 0.03515625
2 0.32265625 0.4515625 0.003125 0.00546875
9 0.49921875 0.4203125 0.00546875 0.028125
6 0.49921875 0.4109375 0.00390625 0.0078125
9 0.5484375 0.41953125 0.00546875 0.028125
6 0.5484375 0.4109375 0.00390625 0.00859375
9 0.62421875 0.44609375 0.00546875 0.02578125
6 0.62421875 0.4375 0.00390625 0.00703125