9 0.1953125 0.3453125 0.0140625 0.05390625
6 0.196875 0.328125 0.01015625 0.015625
9 0.24375 0.36953125 0.01171875 0.04375
6 0.2453125 0.35546875 0.00703125 0.01171875
9 0.2890625 0.4296875 0.0078125 0.040625
6 0.28984375 0.41796875 0.00546875 0.009375
9 0.50234375 0.4046875 0.0078125 0.0375
2 0.50234375 0.41328125 0.00703125 0.01328125
9 0.56171875 0.4046875 0.0078125 0.0359375
2 0.5609375 0.41328125 0.00625 0.0125
9 0.65234375 0.434375 0.0078125 0.0328125
2 0.65234375 0.44453125 0.00546875 0.01171875