9 0.265625 0.38125 0.009375 0.03984375
10 0.26640625 0.38203125 0.00625 0.01015625
9 0.29453125 0.39765625 0.0078125 0.03515625
10 0.2953125 0.39921875 0.00390625 0.01015625
9 0.32265625 0.4421875 0.00546875 0.0328125
10 0.32265625 0.44296875 0.00390625 0.009375
9 0.49921875 0.4203125 0.00625 0.02890625
6 0.49921875 0.41171875 0.0046875 0.009375
9 0.5484375 0.41953125 0.00625 0.02734375
6 0.5484375 0.41171875 0.00546875 0.00859375
9 0.62421875 0.44609375 0.00625 0.0265625
6 0.62421875 0.4375 0.0046875 0.00859375