9 0.62421875 0.4453125 0.00625 0.03203125
2 0.62421875 0.453125 0.00390625 0.00859375
9 0.5484375 0.4203125 0.00625 0.03125
2 0.54765625 0.42734375 0.0046875 0.009375
9 0.49921875 0.41953125 0.00625 0.03203125
2 0.49921875 0.428125 0.0046875 0.00859375
9 0.26640625 0.38125 0.009375 0.03984375
9 0.29453125 0.39609375 0.00859375 0.0359375
9 0.3234375 0.440625 0.00546875 0.03515625
6 0.26640625 0.371875 0.00390625 0.00859375
6 0.2953125 0.3875 0.0046875 0.009375
6 0.3234375 0.43359375 0.00390625 0.00703125