9 0.265625 0.38125 0.01015625 0.04140625
10 0.2671875 0.38203125 0.00546875 0.01171875
9 0.2953125 0.396875 0.0109375 0.0375
10 0.29453125 0.3984375 0.00703125 0.0109375
9 0.3234375 0.44140625 0.00703125 0.034375
10 0.32265625 0.4421875 0.0046875 0.01015625
9 0.49921875 0.41953125 0.00859375 0.0296875
6 0.49921875 0.4109375 0.00625 0.01015625
9 0.54921875 0.4203125 0.00859375 0.0296875
6 0.5484375 0.4109375 0.00625 0.00859375
9 0.625 0.44609375 0.0078125 0.02890625
6 0.625 0.4375 0.00546875 0.01171875