9 0.265625 0.38203125 0.01015625 0.0484375
10 0.26640625 0.38203125 0.00625 0.0109375
9 0.29453125 0.39765625 0.009375 0.03671875
10 0.2953125 0.3984375 0.0046875 0.009375
9 0.32265625 0.44140625 0.00546875 0.034375
10 0.32265625 0.44296875 0.00390625 0.009375
9 0.49921875 0.4203125 0.00703125 0.03125
6 0.49921875 0.4109375 0.0046875 0.00859375
9 0.54765625 0.4203125 0.00625 0.03203125
6 0.5484375 0.41171875 0.0046875 0.01015625
9 0.62421875 0.44609375 0.00703125 0.028125
6 0.625 0.43828125 0.00546875 0.009375