9 0.209375 0.35 0.0140625 0.04765625
9 0.253125 0.3703125 0.01171875 0.04765625
9 0.2953125 0.428125 0.009375 0.0390625
2 0.50078125 0.41328125 0.00625 0.015625
9 0.50078125 0.40625 0.01015625 0.03671875
2 0.5578125 0.4125 0.009375 0.021875
9 0.5578125 0.40390625 0.0109375 0.034375
2 0.64765625 0.44609375 0.01171875 0.01796875
9 0.646875 0.43828125 0.015625 0.04453125
6 0.21171875 0.3359375 0.01171875 0.01796875
6 0.253125 0.3578125 0.01171875 0.0171875
6 0.29453125 0.41796875 0.00859375 0.0140625