2 0.26640625 0.39453125 0.0078125 0.01015625
9 0.26640625 0.38203125 0.00859375 0.040625
2 0.2953125 0.40859375 0.00703125 0.0125
9 0.2953125 0.3984375 0.00859375 0.03515625
2 0.32265625 0.4515625 0.0046875 0.009375
9 0.32265625 0.44140625 0.00703125 0.034375
9 0.49921875 0.41875 0.0078125 0.034375
9 0.5484375 0.41875 0.009375 0.0359375
9 0.62421875 0.44609375 0.009375 0.034375
6 0.49921875 0.41171875 0.0046875 0.0109375
6 0.54765625 0.41171875 0.00546875 0.01171875
6 0.62421875 0.4375 0.0046875 0.00859375