9 0.23046875 0.36015625 0.01171875 0.0484375
9 0.2671875 0.3796875 0.01015625 0.04609375
9 0.30390625 0.43203125 0.01328125 0.04140625
2 0.49765625 0.41875 0.01328125 0.01015625
9 0.5 0.41171875 0.01015625 0.03984375
2 0.5546875 0.41796875 0.0109375 0.00859375
9 0.5546875 0.4078125 0.01328125 0.0390625
2 0.6375 0.446875 0.0125 0.0125
9 0.63984375 0.4421875 0.0171875 0.04296875
6 0.2296875 0.34453125 0.01015625 0.0171875
6 0.265625 0.365625 0.01484375 0.01640625
6 0.3046875 0.4203125 0.00703125 0.02265625