9 0.26640625 0.3796875 0.00859375 0.0453125
2 0.29453125 0.40859375 0.009375 0.0125
9 0.29453125 0.396875 0.01015625 0.0359375
2 0.321875 0.45078125 0.00703125 0.01015625
9 0.32265625 0.44140625 0.0078125 0.0328125
9 0.49921875 0.41953125 0.00625 0.0296875
9 0.5484375 0.41953125 0.0078125 0.0296875
9 0.6234375 0.44609375 0.0109375 0.03359375
2 0.2671875 0.3953125 0.009375 0.009375
6 0.49921875 0.4109375 0.00546875 0.0125
6 0.54765625 0.41015625 0.00859375 0.0109375
6 0.6234375 0.43515625 0.0078125 0.0125