2 0.2671875 0.3953125 0.00546875 0.015625
9 0.26796875 0.38359375 0.01015625 0.0453125
2 0.29375 0.40703125 0.0078125 0.015625
9 0.29453125 0.39609375 0.01328125 0.04921875
2 0.32265625 0.4515625 0.00703125 0.0171875
9 0.32265625 0.44140625 0.0109375 0.0453125
9 0.5 0.41953125 0.01015625 0.03828125
9 0.5484375 0.4171875 0.0078125 0.03359375
9 0.62421875 0.44453125 0.01015625 0.040625
6 0.49921875 0.4109375 0.0046875 0.01328125
6 0.5484375 0.41171875 0.00625 0.0109375
6 0.62421875 0.43671875 0.0078125 0.015625