9 0.26640625 0.38125 0.009375 0.03828125
2 0.2671875 0.39453125 0.00546875 0.009375
9 0.29453125 0.39609375 0.00859375 0.03203125
2 0.2953125 0.4078125 0.0046875 0.0078125
9 0.49921875 0.41875 0.0046875 0.02734375
6 0.4984375 0.4109375 0.00390625 0.00859375
9 0.54765625 0.41875 0.00546875 0.0265625
6 0.54765625 0.4109375 0.00390625 0.00859375
9 0.62421875 0.44609375 0.00625 0.028125
6 0.62421875 0.4375 0.00390625 0.0078125
9 0.32265625 0.440625 0.0046875 0.0328125
2 0.3234375 0.45078125 0.003125 0.00546875