9 0.265625 0.38203125 0.0109375 0.0421875
10 0.26640625 0.38359375 0.00625 0.01015625
9 0.29453125 0.396875 0.00859375 0.03359375
10 0.2953125 0.3984375 0.0046875 0.00703125
9 0.32265625 0.4421875 0.00625 0.03515625
10 0.32265625 0.44140625 0.003125 0.00859375
9 0.49921875 0.4203125 0.00703125 0.02890625
6 0.49921875 0.4109375 0.0046875 0.0078125
9 0.5484375 0.4203125 0.00703125 0.0296875
6 0.5484375 0.41171875 0.00390625 0.01015625
9 0.62421875 0.44609375 0.00625 0.02734375
6 0.625 0.4375 0.00390625 0.01015625