9 0.26484375 0.38125 0.01015625 0.0453125
2 0.26640625 0.39609375 0.0046875 0.009375
9 0.29375 0.396875 0.00859375 0.0359375
2 0.29453125 0.409375 0.00390625 0.0078125
9 0.32265625 0.440625 0.0046875 0.03203125
2 0.3234375 0.4515625 0.003125 0.0078125
9 0.49921875 0.4203125 0.00703125 0.03046875
6 0.4984375 0.41171875 0.00546875 0.0109375
9 0.5484375 0.41953125 0.00546875 0.02734375
6 0.5484375 0.41171875 0.00390625 0.009375
9 0.62421875 0.44609375 0.00625 0.0265625
6 0.62421875 0.43828125 0.0046875 0.009375