9 0.265625 0.3828125 0.01015625 0.04453125
10 0.26640625 0.38203125 0.00625 0.0109375
9 0.29453125 0.39609375 0.009375 0.03671875
10 0.2953125 0.3984375 0.00703125 0.0125
9 0.3234375 0.44140625 0.00546875 0.03359375
10 0.32265625 0.44296875 0.003125 0.00859375
9 0.49921875 0.4203125 0.00703125 0.02734375
6 0.4984375 0.41171875 0.00546875 0.009375
9 0.54765625 0.41953125 0.00546875 0.028125
6 0.54765625 0.41171875 0.0046875 0.00859375
9 0.62421875 0.4453125 0.00546875 0.02734375
6 0.62421875 0.43828125 0.0046875 0.00859375