9 0.62421875 0.4453125 0.00625 0.02890625
9 0.5484375 0.41875 0.00546875 0.0296875
9 0.4984375 0.41875 0.00625 0.02890625
6 0.49921875 0.41171875 0.00546875 0.00859375
6 0.54765625 0.4109375 0.0046875 0.01015625
6 0.62421875 0.4375 0.0046875 0.009375
9 0.32265625 0.4390625 0.00625 0.03203125
9 0.29453125 0.39609375 0.0078125 0.0359375
9 0.265625 0.38125 0.009375 0.04140625
10 0.26640625 0.3828125 0.0046875 0.009375
10 0.2953125 0.3984375 0.00390625 0.00859375
10 0.32265625 0.44375 0.003125 0.00625