9 0.265625 0.38046875 0.0109375 0.040625
9 0.2921875 0.39453125 0.00859375 0.03828125
9 0.32109375 0.4375 0.00859375 0.03125
9 0.5 0.421875 0.0078125 0.03359375
9 0.54765625 0.42109375 0.009375 0.0328125
9 0.62265625 0.44609375 0.01015625 0.03671875
6 0.26640625 0.37109375 0.0109375 0.01328125
6 0.2921875 0.38515625 0.009375 0.01640625
6 0.32109375 0.43125 0.00703125 0.01328125
6 0.49765625 0.40703125 0.009375 0.015625
6 0.546875 0.41015625 0.0078125 0.01171875
6 0.6234375 0.43671875 0.00703125 0.01484375