9 0.625 0.44375 0.00703125 0.0296875
2 0.625 0.45234375 0.0046875 0.01015625
9 0.5484375 0.41796875 0.00546875 0.02734375
2 0.5484375 0.42578125 0.0046875 0.009375
9 0.4984375 0.4171875 0.00546875 0.02890625
2 0.49921875 0.42578125 0.0046875 0.01015625
9 0.265625 0.378125 0.00859375 0.03984375
9 0.29453125 0.39453125 0.0078125 0.034375
9 0.32265625 0.43828125 0.00703125 0.03125
6 0.321875 0.43203125 0.003125 0.00703125
6 0.29453125 0.3859375 0.00390625 0.00625
6 0.265625 0.36953125 0.00390625 0.00703125