2 0.265625 0.39453125 0.00859375 0.0125
9 0.265625 0.38046875 0.00859375 0.04296875
2 0.29296875 0.409375 0.009375 0.01015625
9 0.29375 0.39765625 0.01015625 0.0359375
2 0.32265625 0.45390625 0.00625 0.009375
9 0.3234375 0.44296875 0.00546875 0.03515625
9 0.49921875 0.421875 0.00859375 0.03359375
9 0.54765625 0.4203125 0.01015625 0.0265625
9 0.6234375 0.4453125 0.01015625 0.03515625
6 0.4984375 0.409375 0.009375 0.0140625
6 0.54765625 0.41171875 0.009375 0.01171875
6 0.62421875 0.43671875 0.00859375 0.0140625