9 0.10390625 0.2984375 0.01953125 0.08046875
6 0.1046875 0.275 0.01328125 0.02421875
9 0.1828125 0.33828125 0.01640625 0.05859375
6 0.18359375 0.32109375 0.0109375 0.01875
9 0.25078125 0.415625 0.0109375 0.05
6 0.2515625 0.40390625 0.00859375 0.015625
2 0.5046875 0.3984375 0.00703125 0.015625
9 0.5046875 0.38828125 0.0109375 0.04375
2 0.57421875 0.39921875 0.0078125 0.01953125
9 0.57421875 0.3890625 0.0109375 0.04140625
2 0.6796875 0.4359375 0.0078125 0.01953125
9 0.6796875 0.42421875 0.0109375 0.04375