9 0.265625 0.38203125 0.0109375 0.04375
2 0.2671875 0.39609375 0.00546875 0.0125
9 0.29453125 0.396875 0.01015625 0.0375
2 0.2953125 0.40859375 0.00703125 0.01171875
2 0.32265625 0.45078125 0.00390625 0.0109375
9 0.32265625 0.43984375 0.00625 0.03515625
9 0.4984375 0.4203125 0.00703125 0.0296875
6 0.49921875 0.41171875 0.00625 0.009375
9 0.54765625 0.41953125 0.00625 0.0328125
6 0.5484375 0.4125 0.0046875 0.01328125
9 0.62421875 0.446875 0.00703125 0.03046875
6 0.62421875 0.4375 0.00625 0.01015625