9 0.62421875 0.4453125 0.00703125 0.028125
6 0.625 0.4375 0.0046875 0.0078125
9 0.5484375 0.41953125 0.00546875 0.0296875
6 0.5484375 0.4109375 0.0046875 0.009375
9 0.49921875 0.41953125 0.00625 0.03046875
6 0.49921875 0.4109375 0.0046875 0.009375
9 0.3234375 0.440625 0.00625 0.03515625
2 0.3234375 0.45234375 0.00390625 0.0078125
9 0.2953125 0.39609375 0.00859375 0.034375
9 0.26640625 0.38203125 0.009375 0.0390625
2 0.26640625 0.3953125 0.00546875 0.009375
2 0.2953125 0.40859375 0.0046875 0.0078125