9 0.265625 0.38125 0.00859375 0.04140625
9 0.29375 0.39609375 0.00859375 0.0375
10 0.32265625 0.44375 0.00703125 0.009375
9 0.321875 0.43984375 0.00625 0.03203125
9 0.4984375 0.41640625 0.01015625 0.03359375
9 0.546875 0.41796875 0.009375 0.02890625
9 0.6234375 0.44375 0.01015625 0.0328125
10 0.2671875 0.38203125 0.00703125 0.01171875
10 0.29296875 0.39609375 0.0109375 0.0109375
6 0.4984375 0.409375 0.0078125 0.0140625
6 0.5484375 0.4140625 0.0109375 0.015625
6 0.62421875 0.4375 0.0078125 0.01328125