9 0.265625 0.38125 0.00859375 0.03984375
9 0.29453125 0.396875 0.00859375 0.03515625
9 0.3234375 0.43984375 0.00703125 0.03203125
9 0.4984375 0.41875 0.0078125 0.03046875
9 0.5484375 0.41875 0.00625 0.03046875
9 0.62421875 0.44375 0.009375 0.03671875
6 0.62421875 0.4375 0.00625 0.01171875
6 0.5484375 0.4109375 0.0046875 0.009375
6 0.4984375 0.4109375 0.00625 0.009375
10 0.26640625 0.3828125 0.0046875 0.01015625
10 0.2953125 0.3984375 0.0046875 0.00703125
10 0.3234375 0.4421875 0.0046875 0.01015625