9 0.265625 0.3796875 0.01015625 0.0453125
9 0.29609375 0.39921875 0.00859375 0.040625
9 0.3203125 0.43984375 0.01328125 0.0328125
9 0.4984375 0.42109375 0.009375 0.0375
9 0.54765625 0.421875 0.009375 0.03046875
9 0.6234375 0.44453125 0.009375 0.0421875
6 0.4984375 0.41015625 0.0078125 0.015625
6 0.54609375 0.4125 0.01328125 0.00859375
6 0.62421875 0.43359375 0.0078125 0.01875
10 0.26640625 0.3828125 0.00859375 0.0125
10 0.2953125 0.40078125 0.00703125 0.009375
10 0.321875 0.43828125 0.00625 0.0125