9 0.265625 0.38203125 0.01015625 0.040625
2 0.26640625 0.3953125 0.0046875 0.009375
9 0.29375 0.39609375 0.0078125 0.0359375
2 0.29453125 0.409375 0.00390625 0.00703125
9 0.32265625 0.440625 0.00546875 0.0328125
2 0.32265625 0.45234375 0.003125 0.00703125
9 0.4984375 0.4203125 0.00546875 0.02890625
6 0.4984375 0.41171875 0.0046875 0.009375
9 0.5484375 0.4203125 0.00625 0.028125
6 0.5484375 0.41171875 0.0046875 0.01015625
9 0.62421875 0.4453125 0.00625 0.02734375
6 0.62421875 0.4375 0.0046875 0.00859375