9 0.265625 0.3828125 0.0109375 0.04375
6 0.26640625 0.3703125 0.00703125 0.01171875
9 0.29453125 0.39765625 0.00859375 0.0375
6 0.2953125 0.38671875 0.00546875 0.009375
9 0.32265625 0.44140625 0.00546875 0.03203125
6 0.32265625 0.43203125 0.0046875 0.00859375
9 0.49921875 0.41953125 0.00546875 0.0296875
6 0.4984375 0.4109375 0.0046875 0.009375
9 0.54765625 0.41953125 0.00546875 0.028125
6 0.54765625 0.4109375 0.0046875 0.00859375
9 0.62421875 0.4453125 0.00703125 0.02734375
6 0.62421875 0.43828125 0.0046875 0.01015625