9 0.08046875 0.28515625 0.0234375 0.08046875
6 0.08359375 0.26328125 0.0140625 0.0234375
9 0.1671875 0.33125 0.01796875 0.05859375
6 0.1703125 0.3140625 0.0109375 0.01640625
9 0.24375 0.4125 0.0109375 0.0484375
6 0.24375 0.4015625 0.00703125 0.01640625
2 0.5046875 0.39609375 0.00625 0.01328125
9 0.50546875 0.3875 0.009375 0.04296875
2 0.57578125 0.3953125 0.00703125 0.015625
9 0.5765625 0.38515625 0.00859375 0.0390625
9 0.6859375 0.42265625 0.01328125 0.0453125
2 0.68671875 0.43515625 0.00859375 0.01640625