2 0.26640625 0.39453125 0.0078125 0.0140625
9 0.26640625 0.3828125 0.0109375 0.04765625
2 0.29453125 0.409375 0.00625 0.01015625
9 0.29453125 0.39921875 0.009375 0.034375
2 0.32109375 0.45234375 0.00546875 0.0109375
9 0.32265625 0.4421875 0.00859375 0.034375
9 0.49921875 0.41953125 0.00859375 0.03203125
9 0.54921875 0.41953125 0.00859375 0.03515625
9 0.6234375 0.44140625 0.00859375 0.0359375
6 0.4984375 0.41171875 0.00625 0.0109375
6 0.5484375 0.4109375 0.0046875 0.009375
6 0.6234375 0.4359375 0.00703125 0.01640625