9 0.265625 0.38125 0.01015625 0.0421875
10 0.26640625 0.38359375 0.00546875 0.01171875
9 0.29453125 0.39609375 0.009375 0.0359375
10 0.2953125 0.3984375 0.00390625 0.00703125
10 0.32265625 0.44296875 0.0046875 0.01171875
9 0.32265625 0.44140625 0.00546875 0.03125
9 0.49921875 0.4203125 0.00703125 0.0296875
6 0.49921875 0.4109375 0.00546875 0.0078125
9 0.5484375 0.41953125 0.00703125 0.0296875
6 0.5484375 0.41171875 0.00546875 0.009375
9 0.62421875 0.44609375 0.00703125 0.02734375
6 0.625 0.4375 0.0046875 0.0078125