2 0.26640625 0.39609375 0.0078125 0.015625
9 0.26640625 0.38515625 0.0109375 0.04453125
2 0.29453125 0.409375 0.00859375 0.01171875
9 0.29375 0.396875 0.009375 0.03671875
2 0.321875 0.45234375 0.00859375 0.0109375
9 0.321875 0.440625 0.00859375 0.0375
9 0.4984375 0.41953125 0.00859375 0.03125
9 0.54765625 0.4203125 0.00859375 0.03046875
9 0.625 0.4484375 0.00859375 0.03515625
6 0.49765625 0.409375 0.00859375 0.01328125
6 0.546875 0.41015625 0.0078125 0.01328125
6 0.625 0.43671875 0.00625 0.01328125