9 0.25859375 0.375 0.01171875 0.0421875
9 0.2890625 0.390625 0.01015625 0.03984375
9 0.3171875 0.43671875 0.01171875 0.03984375
2 0.496875 0.41953125 0.0125 0.01484375
9 0.496875 0.41484375 0.01171875 0.03203125
2 0.546875 0.42421875 0.01328125 0.01015625
9 0.54765625 0.415625 0.01171875 0.02734375
2 0.628125 0.45234375 0.0078125 0.01796875
9 0.634375 0.446875 0.021875 0.04453125
6 0.25703125 0.36640625 0.01328125 0.009375
6 0.2875 0.3796875 0.01171875 0.00859375
6 0.3171875 0.42578125 0.01171875 0.01328125