9 0.265625 0.3828125 0.0078125 0.0390625
2 0.26640625 0.39453125 0.00390625 0.01015625
9 0.29296875 0.39609375 0.00703125 0.0328125
2 0.29453125 0.40859375 0.00390625 0.00703125
9 0.32265625 0.4421875 0.00546875 0.034375
2 0.32265625 0.4515625 0.003125 0.00546875
9 0.4984375 0.41953125 0.00390625 0.02421875
6 0.49921875 0.41171875 0.00390625 0.00703125
9 0.5484375 0.4203125 0.00546875 0.0265625
6 0.54765625 0.41171875 0.00390625 0.0078125
9 0.62421875 0.44609375 0.00625 0.02578125
6 0.62421875 0.43828125 0.00390625 0.0078125