2 0.26640625 0.39453125 0.00859375 0.01328125
9 0.265625 0.3828125 0.01015625 0.0375
2 0.29453125 0.40859375 0.00703125 0.0125
9 0.2953125 0.3953125 0.0078125 0.03828125
2 0.32265625 0.45078125 0.00546875 0.01171875
9 0.32265625 0.44140625 0.00625 0.034375
9 0.4984375 0.41796875 0.00859375 0.03046875
9 0.5484375 0.4203125 0.00703125 0.03203125
9 0.625 0.4453125 0.00703125 0.0359375
6 0.4984375 0.41015625 0.00546875 0.0125
6 0.5484375 0.41171875 0.00546875 0.01328125
6 0.625 0.4375 0.0078125 0.0140625