2 0.26640625 0.39453125 0.00703125 0.01171875
9 0.26640625 0.3828125 0.009375 0.03984375
2 0.2953125 0.409375 0.0046875 0.01015625
9 0.2953125 0.39765625 0.0078125 0.0375
9 0.4984375 0.41953125 0.00859375 0.034375
9 0.5484375 0.41953125 0.0078125 0.03046875
9 0.62421875 0.44296875 0.00859375 0.0359375
6 0.54765625 0.4125 0.00625 0.01015625
6 0.62421875 0.4375 0.00625 0.0125
6 0.4984375 0.41171875 0.00546875 0.01171875
2 0.321875 0.4515625 0.00546875 0.01015625
9 0.32265625 0.44140625 0.0078125 0.03515625