2 0.26640625 0.39375 0.00859375 0.0140625
9 0.265625 0.38046875 0.01015625 0.0453125
2 0.29375 0.41015625 0.0078125 0.0109375
9 0.29375 0.39765625 0.01015625 0.03671875
2 0.321875 0.45234375 0.00703125 0.0109375
9 0.321875 0.440625 0.01015625 0.040625
9 0.49921875 0.4203125 0.0078125 0.02734375
9 0.5484375 0.42109375 0.009375 0.02734375
9 0.625 0.44609375 0.00859375 0.03203125
2 0.4984375 0.409375 0.0078125 0.0125
2 0.54765625 0.41171875 0.0078125 0.01171875
2 0.6234375 0.43671875 0.0078125 0.015625