9 0.2171875 0.35546875 0.0140625 0.0546875
6 0.21875 0.33984375 0.009375 0.01640625
9 0.259375 0.3765625 0.0125 0.0421875
6 0.259375 0.36328125 0.00703125 0.01171875
9 0.29921875 0.43203125 0.00703125 0.03984375
6 0.29921875 0.421875 0.0046875 0.0140625
9 0.50078125 0.40703125 0.0078125 0.03515625
2 0.50078125 0.41640625 0.00625 0.01171875
2 0.55703125 0.415625 0.00625 0.01171875
9 0.55703125 0.40859375 0.0078125 0.03125
9 0.64296875 0.4359375 0.0078125 0.034375
2 0.64296875 0.44609375 0.00625 0.01171875