9 0.22734375 0.36015625 0.0125 0.04765625
6 0.22890625 0.34609375 0.009375 0.01640625
9 0.265625 0.38125 0.009375 0.04140625
6 0.2671875 0.36875 0.00546875 0.01171875
9 0.303125 0.43359375 0.00703125 0.0390625
6 0.303125 0.4234375 0.00546875 0.009375
9 0.50078125 0.409375 0.00625 0.0328125
2 0.5 0.41796875 0.00546875 0.01171875
9 0.55546875 0.409375 0.00703125 0.03046875
2 0.55546875 0.41796875 0.00546875 0.01171875
9 0.63984375 0.4375 0.00703125 0.03125
2 0.63984375 0.446875 0.00546875 0.01015625