9 0.24765625 0.36875 0.009375 0.04453125
6 0.24765625 0.35859375 0.0046875 0.0078125
9 0.29140625 0.42734375 0.00703125 0.03515625
6 0.290625 0.41953125 0.0046875 0.00859375
9 0.50234375 0.40390625 0.0078125 0.0359375
2 0.5015625 0.41328125 0.0078125 0.0125
9 0.56015625 0.40546875 0.00859375 0.0359375
2 0.5609375 0.41328125 0.00625 0.01328125
9 0.65078125 0.434375 0.009375 0.03671875
2 0.65078125 0.44375 0.00625 0.0109375
9 0.19921875 0.34296875 0.00859375 0.04609375
6 0.2 0.3328125 0.00546875 0.0109375