9 0.26484375 0.3734375 0.01171875 0.053125
9 0.29453125 0.39453125 0.00703125 0.03828125
9 0.321875 0.43828125 0.009375 0.04375
9 0.4984375 0.4203125 0.01015625 0.028125
9 0.54765625 0.42109375 0.0078125 0.02734375
9 0.6234375 0.44609375 0.01015625 0.03359375
6 0.26484375 0.3703125 0.01484375 0.01328125
6 0.2921875 0.3828125 0.01171875 0.01328125
6 0.31953125 0.42734375 0.01171875 0.01171875
6 0.496875 0.40859375 0.0109375 0.0109375
6 0.546875 0.4078125 0.01015625 0.0109375
6 0.621875 0.4359375 0.01328125 0.01171875