9 0.62421875 0.4453125 0.00703125 0.02890625
9 0.5484375 0.41875 0.0046875 0.0265625
6 0.5484375 0.41171875 0.0046875 0.0078125
6 0.625 0.4375 0.0046875 0.00859375
9 0.4984375 0.41953125 0.00625 0.0296875
6 0.49921875 0.4109375 0.00390625 0.00859375
9 0.3234375 0.4390625 0.00546875 0.028125
10 0.32265625 0.44375 0.00234375 0.0046875
9 0.265625 0.38046875 0.00859375 0.034375
10 0.26640625 0.384375 0.003125 0.00625
9 0.29453125 0.39609375 0.0078125 0.0328125
10 0.2953125 0.3984375 0.0015625 0.00546875