2 0.265625 0.39453125 0.00859375 0.01328125
9 0.26484375 0.38125 0.009375 0.04375
2 0.29375 0.409375 0.00625 0.01171875
9 0.29375 0.396875 0.009375 0.0390625
2 0.32265625 0.45390625 0.0046875 0.01015625
9 0.32265625 0.440625 0.00703125 0.03671875
9 0.49921875 0.41953125 0.00703125 0.0296875
9 0.5484375 0.41953125 0.009375 0.0265625
9 0.625 0.44765625 0.009375 0.03671875
6 0.4984375 0.41015625 0.0078125 0.0140625
6 0.54765625 0.41015625 0.0109375 0.01171875
6 0.62421875 0.4359375 0.009375 0.01640625