9 0.265625 0.3828125 0.0109375 0.04453125
6 0.2671875 0.3703125 0.00625 0.01171875
9 0.29453125 0.396875 0.009375 0.0375
6 0.2953125 0.38671875 0.00625 0.0109375
9 0.3234375 0.4421875 0.00546875 0.034375
6 0.32265625 0.43203125 0.00390625 0.009375
2 0.49921875 0.42890625 0.00625 0.01015625
9 0.49921875 0.42109375 0.0078125 0.02890625
2 0.5484375 0.42734375 0.0046875 0.0109375
9 0.5484375 0.41875 0.00546875 0.02734375
2 0.62421875 0.453125 0.0046875 0.0109375
9 0.62421875 0.44609375 0.00703125 0.0296875