9 0.26640625 0.38125 0.00859375 0.0375
9 0.29453125 0.39609375 0.0078125 0.03359375
9 0.3234375 0.43984375 0.00546875 0.03125
10 0.32265625 0.44296875 0.00234375 0.00625
10 0.2953125 0.3984375 0.003125 0.0078125
10 0.26640625 0.38359375 0.003125 0.0078125
9 0.4984375 0.41875 0.00625 0.03203125
6 0.4984375 0.4109375 0.0046875 0.0109375
9 0.5484375 0.41875 0.00546875 0.02890625
6 0.54765625 0.41171875 0.0046875 0.009375
9 0.62421875 0.4453125 0.00546875 0.028125
6 0.62421875 0.4375 0.00390625 0.009375