9 0.265625 0.3828125 0.00859375 0.0421875
2 0.2671875 0.39609375 0.00390625 0.0109375
9 0.29375 0.396875 0.0078125 0.034375
2 0.29453125 0.40859375 0.00390625 0.00703125
9 0.32265625 0.440625 0.00546875 0.03125
2 0.3234375 0.45078125 0.00234375 0.00625
9 0.4984375 0.4203125 0.00546875 0.028125
6 0.4984375 0.4109375 0.00390625 0.0078125
9 0.54765625 0.4203125 0.00546875 0.028125
6 0.54765625 0.4109375 0.0046875 0.00703125
9 0.62421875 0.44609375 0.00546875 0.02578125
6 0.62421875 0.43828125 0.00390625 0.00703125