2 0.26484375 0.39375 0.00859375 0.01171875
9 0.26484375 0.384375 0.01171875 0.0390625
2 0.29453125 0.409375 0.00859375 0.00859375
9 0.29453125 0.39609375 0.009375 0.03828125
2 0.3234375 0.45390625 0.00546875 0.00859375
9 0.3234375 0.4421875 0.00546875 0.03671875
9 0.49921875 0.41953125 0.0078125 0.0296875
9 0.54765625 0.4203125 0.0078125 0.03046875
9 0.625 0.44453125 0.009375 0.03359375
6 0.4984375 0.4109375 0.00859375 0.01015625
6 0.5484375 0.41171875 0.00859375 0.0109375
6 0.625 0.43671875 0.0078125 0.0171875