9 0.25703125 0.37265625 0.0125 0.0390625
9 0.2875 0.3875 0.01015625 0.0328125
9 0.3171875 0.43828125 0.00546875 0.0390625
9 0.49609375 0.41796875 0.0125 0.0390625
2 0.49921875 0.425 0.01015625 0.0125
2 0.54921875 0.4234375 0.01015625 0.0171875
9 0.55078125 0.41953125 0.01484375 0.03828125
2 0.62734375 0.45 0.0109375 0.0140625
9 0.6296875 0.44375 0.0109375 0.03984375
6 0.25703125 0.3609375 0.0109375 0.01484375
6 0.28984375 0.3796875 0.00859375 0.01796875
6 0.31640625 0.42890625 0.00546875 0.0140625