9 0.265625 0.38203125 0.009375 0.04140625
2 0.26640625 0.3953125 0.0046875 0.01015625
9 0.29453125 0.39765625 0.0078125 0.0359375
2 0.2953125 0.409375 0.00390625 0.0078125
9 0.32265625 0.440625 0.00546875 0.034375
2 0.32265625 0.45234375 0.00234375 0.00390625
9 0.4984375 0.4203125 0.00546875 0.028125
6 0.4984375 0.4109375 0.00390625 0.0078125
9 0.54765625 0.4203125 0.00546875 0.028125
6 0.54765625 0.4109375 0.00390625 0.0078125
9 0.62421875 0.44609375 0.00546875 0.0265625
6 0.62421875 0.4375 0.00390625 0.0078125