2 0.265625 0.39453125 0.009375 0.01328125
9 0.26640625 0.384375 0.01015625 0.04609375
2 0.29375 0.409375 0.0078125 0.0140625
9 0.29375 0.39765625 0.01015625 0.0375
2 0.32265625 0.45234375 0.00625 0.0125
9 0.321875 0.44140625 0.00859375 0.03828125
9 0.4984375 0.42109375 0.00859375 0.03125
9 0.5484375 0.4203125 0.00703125 0.02734375
9 0.6234375 0.44609375 0.01015625 0.03671875
6 0.4984375 0.41171875 0.00859375 0.0140625
6 0.5484375 0.4109375 0.009375 0.0125
6 0.6234375 0.43671875 0.01015625 0.015625