2 0.26640625 0.3953125 0.00625 0.015625
9 0.265625 0.38203125 0.01015625 0.04453125
2 0.29453125 0.409375 0.00546875 0.01171875
9 0.29375 0.3984375 0.009375 0.03828125
2 0.3234375 0.4515625 0.0046875 0.01484375
9 0.32265625 0.440625 0.00625 0.0375
9 0.4984375 0.41953125 0.00546875 0.028125
6 0.4984375 0.4109375 0.0046875 0.009375
9 0.54765625 0.41953125 0.00546875 0.028125
6 0.54765625 0.41171875 0.0046875 0.01015625
9 0.62421875 0.44609375 0.00625 0.0265625
6 0.62421875 0.4375 0.0046875 0.009375