2 0.265625 0.39453125 0.00859375 0.01640625
9 0.265625 0.3828125 0.01015625 0.04609375
2 0.29375 0.409375 0.00859375 0.01484375
9 0.29375 0.39765625 0.01015625 0.0390625
2 0.321875 0.45390625 0.00546875 0.01171875
9 0.32265625 0.4421875 0.00859375 0.03515625
9 0.4984375 0.41953125 0.00546875 0.02890625
9 0.54765625 0.4203125 0.00625 0.0265625
9 0.6234375 0.446875 0.00859375 0.03828125
6 0.49921875 0.41171875 0.00546875 0.0125
6 0.54609375 0.4109375 0.00859375 0.01171875
6 0.625 0.43828125 0.00625 0.01328125