9 0.265625 0.38203125 0.009375 0.040625
2 0.2671875 0.39609375 0.00390625 0.0078125
9 0.29375 0.396875 0.00859375 0.03671875
2 0.29453125 0.409375 0.003125 0.0046875
9 0.32265625 0.44140625 0.00546875 0.03203125
2 0.32265625 0.4515625 0.00234375 0.00625
9 0.49921875 0.4203125 0.00546875 0.0296875
6 0.4984375 0.4109375 0.00390625 0.0078125
9 0.5484375 0.4203125 0.00546875 0.0296875
6 0.54765625 0.4109375 0.0046875 0.009375
9 0.62421875 0.44609375 0.00546875 0.0265625
6 0.625 0.4375 0.0046875 0.00859375