1 0.265625 0.3828125 0.01015625 0.0421875
1 0.26640625 0.39609375 0.0046875 0.009375
1 0.29453125 0.39765625 0.009375 0.03671875
1 0.2953125 0.409375 0.0046875 0.00625
1 0.32265625 0.440625 0.00546875 0.0328125
1 0.32265625 0.4515625 0.00234375 0.00625
1 0.49921875 0.4203125 0.00625 0.02890625
1 0.49921875 0.41171875 0.0046875 0.01015625
1 0.54765625 0.4203125 0.00546875 0.028125
1 0.5484375 0.41171875 0.00390625 0.0078125
1 0.62421875 0.446875 0.0046875 0.0265625
1 0.62421875 0.43828125 0.00390625 0.0078125
