1 0.26484375 0.39609375 0.01015625 0.015625
1 0.26484375 0.3828125 0.0109375 0.040625
1 0.29453125 0.40625 0.00703125 0.01640625
1 0.29375 0.39453125 0.00859375 0.03984375
1 0.32265625 0.4546875 0.00703125 0.01484375
1 0.32265625 0.4421875 0.00546875 0.03671875
1 0.4984375 0.41953125 0.00859375 0.03203125
1 0.54765625 0.41953125 0.009375 0.02890625
1 0.62421875 0.4453125 0.009375 0.03359375
1 0.4984375 0.409375 0.00625 0.01640625
1 0.546875 0.41171875 0.0109375 0.01484375
1 0.62265625 0.4359375 0.0109375 0.01484375
