1 0.26484375 0.38203125 0.0078125 0.04140625
1 0.26640625 0.39609375 0.003125 0.009375
1 0.29375 0.396875 0.00625 0.03359375
1 0.29453125 0.40859375 0.00234375 0.0078125
1 0.32265625 0.44140625 0.0046875 0.03359375
1 0.32265625 0.45234375 0.00234375 0.00625
1 0.4984375 0.41953125 0.0046875 0.0265625
1 0.4984375 0.41171875 0.00390625 0.00859375
1 0.54765625 0.4203125 0.0046875 0.02734375
1 0.54765625 0.41171875 0.00390625 0.0078125
1 0.62421875 0.44609375 0.0046875 0.02421875
1 0.62421875 0.43828125 0.00390625 0.00859375
