1 0.265625 0.38203125 0.01015625 0.04375
1 0.2671875 0.3953125 0.00546875 0.0125
1 0.29375 0.396875 0.0078125 0.0390625
1 0.29453125 0.409375 0.0046875 0.009375
1 0.32265625 0.4421875 0.00703125 0.034375
1 0.32265625 0.4515625 0.0046875 0.01015625
1 0.4984375 0.4203125 0.00625 0.03046875
1 0.49921875 0.41171875 0.00546875 0.01171875
1 0.54765625 0.4203125 0.00625 0.03046875
1 0.54765625 0.4109375 0.0046875 0.009375
1 0.62421875 0.4453125 0.0078125 0.028125
1 0.62421875 0.4375 0.00546875 0.01015625
