1 0.62421875 0.4453125 0.00703125 0.028125
1 0.62421875 0.4375 0.0046875 0.00859375
1 0.54765625 0.41953125 0.00625 0.02890625
1 0.54765625 0.4109375 0.00546875 0.00859375
1 0.4984375 0.41953125 0.00546875 0.0296875
1 0.4984375 0.4109375 0.0046875 0.009375
1 0.32265625 0.43984375 0.00546875 0.03125
1 0.32265625 0.4421875 0.00390625 0.00703125
1 0.2953125 0.39609375 0.0078125 0.03046875
1 0.26640625 0.38125 0.00859375 0.0375
1 0.26640625 0.38359375 0.00390625 0.00859375
1 0.2953125 0.3984375 0.003125 0.00625
