1 0.26640625 0.3828125 0.0109375 0.0421875
1 0.26796875 0.38359375 0.00703125 0.01015625
1 0.29453125 0.39765625 0.0109375 0.0375
1 0.2953125 0.39765625 0.00546875 0.009375
1 0.3234375 0.44140625 0.00546875 0.03203125
1 0.32265625 0.44296875 0.00234375 0.00625
1 0.49921875 0.41953125 0.00703125 0.028125
1 0.49921875 0.4109375 0.00546875 0.00859375
1 0.5484375 0.41953125 0.00625 0.028125
1 0.54765625 0.4109375 0.00546875 0.009375
1 0.62421875 0.4453125 0.00703125 0.02890625
1 0.62421875 0.4375 0.0046875 0.0078125
