1 0.2671875 0.38203125 0.00859375 0.03984375
1 0.29453125 0.3953125 0.01015625 0.034375
1 0.3234375 0.44375 0.0078125 0.03984375
1 0.49765625 0.41796875 0.01015625 0.02578125
1 0.546875 0.41796875 0.0125 0.02734375
1 0.6234375 0.4453125 0.00703125 0.034375
1 0.2671875 0.3703125 0.00859375 0.015625
1 0.29375 0.38671875 0.00859375 0.00859375
1 0.3234375 0.4296875 0.0046875 0.01484375
1 0.496875 0.41015625 0.01171875 0.0171875
1 0.546875 0.4125 0.01328125 0.01171875
1 0.62265625 0.4359375 0.00625 0.0125
1 0.6234375 0.43125 0.0015625 0.00078125
