1 0.265625 0.38203125 0.0078125 0.040625
1 0.26640625 0.3953125 0.0046875 0.0078125
1 0.29375 0.39765625 0.00703125 0.03515625
1 0.2953125 0.409375 0.00390625 0.00625
1 0.32265625 0.44140625 0.0046875 0.03359375
1 0.3234375 0.4515625 0.00234375 0.00546875
1 0.4984375 0.41953125 0.00546875 0.02578125
1 0.49921875 0.41171875 0.00390625 0.00859375
1 0.54765625 0.4203125 0.0046875 0.028125
1 0.54765625 0.41171875 0.00390625 0.00859375
1 0.62421875 0.44609375 0.0046875 0.025
1 0.62421875 0.43828125 0.00390625 0.00703125
