1 0.265625 0.38203125 0.009375 0.040625
1 0.26640625 0.3953125 0.003125 0.0078125
1 0.29453125 0.396875 0.00859375 0.03515625
1 0.29453125 0.40859375 0.003125 0.00625
1 0.32265625 0.43984375 0.0046875 0.0296875
1 0.32265625 0.45234375 0.00234375 0.003125
1 0.4984375 0.41953125 0.00546875 0.028125
1 0.4984375 0.41171875 0.00390625 0.009375
1 0.54765625 0.42109375 0.0046875 0.02890625
1 0.54765625 0.41171875 0.00390625 0.0078125
1 0.62421875 0.44609375 0.00546875 0.025
1 0.62421875 0.4375 0.00390625 0.00703125
