1 0.4984375 0.41875 0.0046875 0.0265625
1 0.4984375 0.4109375 0.0046875 0.00859375
1 0.54765625 0.4203125 0.00625 0.028125
1 0.5484375 0.41171875 0.0046875 0.01015625
1 0.62421875 0.44609375 0.00546875 0.0265625
1 0.62421875 0.43828125 0.00390625 0.009375
1 0.26484375 0.3828125 0.00859375 0.04140625
1 0.29296875 0.39765625 0.00703125 0.034375
1 0.29453125 0.40859375 0.00390625 0.0109375
1 0.32265625 0.4421875 0.00390625 0.0296875
1 0.32265625 0.45078125 0.003125 0.00859375
1 0.2671875 0.3953125 0.00546875 0.0109375
