1 0.265625 0.38203125 0.009375 0.03984375
1 0.29453125 0.3953125 0.0078125 0.034375
1 0.3234375 0.440625 0.00625 0.03046875
1 0.26640625 0.371875 0.0046875 0.009375
1 0.2953125 0.38828125 0.00390625 0.00703125
1 0.32265625 0.4328125 0.003125 0.00625
1 0.4984375 0.41953125 0.00546875 0.03046875
1 0.4984375 0.4109375 0.00390625 0.00859375
1 0.54765625 0.41875 0.00546875 0.0296875
1 0.54765625 0.4109375 0.00390625 0.00859375
1 0.62421875 0.44609375 0.00625 0.0296875
1 0.62421875 0.4375 0.0046875 0.0078125
