1 0.096875 0.29375 0.01953125 0.07734375
1 0.0984375 0.271875 0.01328125 0.02265625
1 0.17890625 0.3359375 0.01484375 0.05625
1 0.1796875 0.31875 0.0109375 0.01484375
1 0.24921875 0.4140625 0.01171875 0.046875
1 0.24921875 0.403125 0.009375 0.0140625
1 0.5046875 0.39765625 0.00703125 0.01328125
1 0.5046875 0.38828125 0.00859375 0.03828125
1 0.575 0.3984375 0.00703125 0.01640625
1 0.57421875 0.3890625 0.00859375 0.03984375
1 0.68203125 0.42265625 0.01015625 0.0421875
1 0.68203125 0.43515625 0.00625 0.01328125
