1 0.26484375 0.38125 0.01640625 0.04453125
1 0.29453125 0.39140625 0.01015625 0.03203125
1 0.496875 0.41875 0.0125 0.034375
1 0.32109375 0.440625 0.0109375 0.03046875
1 0.54921875 0.41953125 0.01015625 0.0265625
1 0.6234375 0.4453125 0.01171875 0.03515625
1 0.2640625 0.3671875 0.01484375 0.01953125
1 0.29375 0.384375 0.009375 0.015625
1 0.321875 0.43125 0.0078125 0.01328125
1 0.49765625 0.41171875 0.0109375 0.015625
1 0.54765625 0.41328125 0.009375 0.01171875
1 0.62265625 0.4359375 0.009375 0.0140625
