1 0.2671875 0.39375 0.009375 0.01953125
1 0.2671875 0.38203125 0.01484375 0.0546875
1 0.29453125 0.40859375 0.0109375 0.0171875
1 0.29453125 0.39609375 0.0125 0.04375
1 0.32265625 0.4515625 0.00703125 0.01484375
1 0.3234375 0.44375 0.0109375 0.0421875
1 0.49921875 0.415625 0.0109375 0.0390625
1 0.54765625 0.4171875 0.01015625 0.03828125
1 0.62421875 0.44375 0.01171875 0.040625
1 0.49921875 0.4109375 0.00859375 0.0140625
1 0.54765625 0.41328125 0.0078125 0.0140625
1 0.625 0.43828125 0.00859375 0.01640625
