1 0.26484375 0.39453125 0.00859375 0.01171875
1 0.265625 0.38203125 0.01015625 0.04375
1 0.29375 0.409375 0.00703125 0.00859375
1 0.29375 0.3953125 0.0109375 0.03359375
1 0.321875 0.4515625 0.00703125 0.0109375
1 0.32109375 0.4421875 0.0078125 0.034375
1 0.49921875 0.4203125 0.0078125 0.02890625
1 0.5484375 0.41796875 0.00703125 0.0265625
1 0.62421875 0.44453125 0.009375 0.03359375
1 0.49921875 0.4125 0.009375 0.009375
1 0.54765625 0.41171875 0.00703125 0.009375
1 0.62421875 0.43515625 0.00625 0.01328125
