1 0.26640625 0.3953125 0.00703125 0.01484375
1 0.26796875 0.384375 0.01015625 0.04296875
1 0.29453125 0.4078125 0.00625 0.01328125
1 0.29609375 0.39765625 0.00859375 0.040625
1 0.321875 0.45234375 0.00703125 0.0140625
1 0.32265625 0.44375 0.009375 0.03671875
1 0.49921875 0.41796875 0.0109375 0.03984375
1 0.54921875 0.41953125 0.009375 0.04375
1 0.62578125 0.44609375 0.01171875 0.04140625
1 0.625 0.4375 0.00859375 0.0140625
1 0.49921875 0.409375 0.00859375 0.0125
1 0.54921875 0.41171875 0.00703125 0.01328125
