1 0.265625 0.3828125 0.01015625 0.0421875
1 0.26640625 0.3953125 0.0046875 0.0109375
1 0.29453125 0.396875 0.009375 0.03828125
1 0.29453125 0.40859375 0.00390625 0.00859375
1 0.32265625 0.440625 0.00546875 0.03203125
1 0.32265625 0.4515625 0.003125 0.00859375
1 0.4984375 0.41953125 0.00546875 0.028125
1 0.4984375 0.41171875 0.0046875 0.009375
1 0.5484375 0.41953125 0.00546875 0.028125
1 0.5484375 0.4125 0.00390625 0.0109375
1 0.62421875 0.4453125 0.00546875 0.02578125
1 0.62421875 0.4375 0.0046875 0.00859375
