1 0.265625 0.39453125 0.01015625 0.01640625
1 0.265625 0.3828125 0.009375 0.04296875
1 0.29375 0.40859375 0.00859375 0.01328125
1 0.29375 0.39609375 0.009375 0.03828125
1 0.32265625 0.45234375 0.00625 0.01171875
1 0.32265625 0.44140625 0.00625 0.03359375
1 0.4984375 0.41953125 0.00859375 0.02890625
1 0.5484375 0.4203125 0.00625 0.03046875
1 0.625 0.4453125 0.009375 0.03203125
1 0.4984375 0.4109375 0.009375 0.01171875
1 0.5484375 0.4109375 0.00703125 0.01484375
1 0.625 0.43515625 0.00703125 0.01328125
