1 0.2671875 0.38203125 0.01015625 0.046875
1 0.265625 0.36796875 0.0109375 0.01875
1 0.2953125 0.39765625 0.009375 0.03125
1 0.32109375 0.43984375 0.01015625 0.03203125
1 0.496875 0.41796875 0.0125 0.02734375
1 0.5453125 0.41796875 0.01484375 0.0265625
1 0.62421875 0.446875 0.0125 0.0390625
1 0.29453125 0.38828125 0.00703125 0.01484375
1 0.3203125 0.43125 0.01015625 0.0109375
1 0.49765625 0.409375 0.01328125 0.01328125
1 0.54609375 0.4109375 0.0140625 0.0140625
1 0.6234375 0.4375 0.01171875 0.0140625
