1 0.265625 0.39453125 0.009375 0.01171875
1 0.265625 0.3828125 0.01015625 0.04453125
1 0.29453125 0.4078125 0.01015625 0.01328125
1 0.29453125 0.396875 0.0109375 0.034375
1 0.321875 0.45234375 0.00625 0.01015625
1 0.32265625 0.44296875 0.00625 0.03359375
1 0.49921875 0.4203125 0.00625 0.03046875
1 0.54765625 0.41953125 0.0078125 0.03203125
1 0.62421875 0.44453125 0.009375 0.03515625
1 0.4984375 0.4109375 0.0078125 0.01328125
1 0.54765625 0.41015625 0.0078125 0.0125
1 0.62421875 0.4359375 0.00859375 0.0125
