1 0.2671875 0.396875 0.00703125 0.0109375
1 0.2671875 0.3828125 0.0109375 0.05
1 0.2953125 0.40859375 0.00703125 0.01171875
1 0.2953125 0.39765625 0.01171875 0.046875
1 0.3234375 0.45 0.0046875 0.0140625
1 0.3234375 0.44296875 0.009375 0.04765625
1 0.4984375 0.4171875 0.01015625 0.03984375
1 0.5484375 0.4171875 0.01015625 0.0359375
1 0.62421875 0.44296875 0.01015625 0.040625
1 0.4984375 0.41015625 0.00625 0.015625
1 0.5484375 0.4125 0.00625 0.01015625
1 0.62421875 0.43515625 0.00703125 0.01484375
