1 0.62421875 0.4453125 0.00703125 0.03046875
1 0.62421875 0.4375 0.00390625 0.0078125
1 0.54765625 0.41875 0.00703125 0.02890625
1 0.54765625 0.4109375 0.00546875 0.01015625
1 0.49921875 0.41875 0.00703125 0.03125
1 0.49921875 0.4109375 0.00546875 0.01015625
1 0.32265625 0.440625 0.00625 0.03359375
1 0.29453125 0.396875 0.0078125 0.03515625
1 0.26640625 0.3828125 0.00859375 0.03671875
1 0.2671875 0.3953125 0.0046875 0.00859375
1 0.2953125 0.40859375 0.0046875 0.0078125
1 0.32265625 0.4515625 0.00390625 0.00625
