1 0.2640625 0.375 0.01015625 0.0453125
1 0.29375 0.39609375 0.00859375 0.03671875
1 0.32109375 0.4390625 0.01015625 0.0234375
1 0.49765625 0.42578125 0.00546875 0.01484375
1 0.49765625 0.41875 0.009375 0.02890625
1 0.546875 0.4265625 0.01171875 0.0140625
1 0.54765625 0.41875 0.01015625 0.02734375
1 0.6234375 0.45390625 0.01015625 0.015625
1 0.62421875 0.44375 0.01015625 0.03671875
1 0.26640625 0.3703125 0.00859375 0.01953125
1 0.29296875 0.38671875 0.0109375 0.0109375
1 0.32109375 0.43203125 0.00546875 0.01171875
