1 0.0734375 0.28046875 0.02421875 0.08046875
1 0.075 0.2578125 0.01484375 0.0265625
1 0.16328125 0.328125 0.015625 0.0609375
1 0.1640625 0.309375 0.01171875 0.01953125
1 0.23984375 0.41328125 0.01015625 0.05234375
1 0.2390625 0.3984375 0.009375 0.01484375
1 0.5046875 0.39453125 0.00703125 0.0140625
1 0.5046875 0.3828125 0.01015625 0.04140625
1 0.5765625 0.3953125 0.00625 0.01328125
1 0.57734375 0.3828125 0.00859375 0.0421875
1 0.6875 0.43359375 0.00703125 0.01484375
1 0.68671875 0.421875 0.009375 0.04140625
