1 0.265625 0.38125 0.01171875 0.040625
1 0.2671875 0.3953125 0.00625 0.009375
1 0.29453125 0.396875 0.00859375 0.0390625
1 0.2953125 0.409375 0.0046875 0.0078125
1 0.32265625 0.44140625 0.00625 0.034375
1 0.32265625 0.4515625 0.00390625 0.009375
1 0.4984375 0.41953125 0.00625 0.02890625
1 0.4984375 0.41171875 0.0046875 0.01015625
1 0.5484375 0.4203125 0.00703125 0.02734375
1 0.5484375 0.41171875 0.0046875 0.00859375
1 0.62421875 0.44609375 0.00703125 0.0265625
1 0.62421875 0.4375 0.00546875 0.00859375
