1 0.265625 0.39609375 0.0109375 0.01328125
1 0.26640625 0.38203125 0.009375 0.04453125
1 0.29453125 0.4078125 0.00859375 0.01328125
1 0.29453125 0.39609375 0.01015625 0.04140625
1 0.32265625 0.453125 0.00859375 0.01171875
1 0.321875 0.44140625 0.00859375 0.0359375
1 0.4984375 0.42109375 0.00859375 0.03203125
1 0.5484375 0.4203125 0.009375 0.02890625
1 0.62421875 0.44609375 0.009375 0.03515625
1 0.4984375 0.41015625 0.0078125 0.0140625
1 0.54765625 0.41171875 0.00859375 0.01171875
1 0.62421875 0.43671875 0.009375 0.015625
