1 0.26640625 0.39296875 0.01015625 0.0171875
1 0.2671875 0.38046875 0.01484375 0.0515625
1 0.29453125 0.40546875 0.0078125 0.0171875
1 0.2953125 0.39921875 0.01171875 0.04296875
1 0.32265625 0.45078125 0.009375 0.01875
1 0.3234375 0.440625 0.015625 0.04453125
1 0.5 0.42265625 0.0109375 0.0359375
1 0.54921875 0.41875 0.0109375 0.03515625
1 0.62578125 0.4484375 0.0125 0.03984375
1 0.49921875 0.41328125 0.0078125 0.01484375
1 0.54921875 0.41171875 0.009375 0.01796875
1 0.6234375 0.4375 0.00546875 0.015625
