1 0.69375 0.4171875 0.01171875 0.0453125
1 0.69453125 0.4296875 0.0078125 0.0125
1 0.5796875 0.37890625 0.00859375 0.040625
1 0.5796875 0.390625 0.00703125 0.0140625
1 0.50546875 0.378125 0.00859375 0.04140625
1 0.5046875 0.38984375 0.00703125 0.01484375
1 0.23046875 0.4078125 0.01015625 0.05546875
1 0.23046875 0.39609375 0.00703125 0.01171875
1 0.146875 0.31796875 0.015625 0.05859375
1 0.1484375 0.3015625 0.01015625 0.015625
1 0.04609375 0.2671875 0.021875 0.08046875
1 0.0484375 0.24375 0.01484375 0.02109375
