1 0.265625 0.38203125 0.01015625 0.0421875
1 0.26640625 0.37109375 0.00546875 0.0109375
1 0.29453125 0.39765625 0.009375 0.0375
1 0.2953125 0.3875 0.00546875 0.0109375
1 0.32265625 0.4421875 0.0046875 0.034375
1 0.32265625 0.43203125 0.0046875 0.00859375
1 0.49921875 0.4203125 0.00703125 0.03203125
1 0.49921875 0.4109375 0.00546875 0.01015625
1 0.5484375 0.41953125 0.00703125 0.03125
1 0.54765625 0.41171875 0.00546875 0.0125
1 0.62421875 0.4453125 0.00703125 0.02890625
1 0.62421875 0.4375 0.00390625 0.01015625
