1 0.26640625 0.39453125 0.00859375 0.0140625
1 0.265625 0.3828125 0.009375 0.04375
1 0.2953125 0.409375 0.009375 0.01015625
1 0.29453125 0.396875 0.00859375 0.03828125
1 0.321875 0.453125 0.00859375 0.009375
1 0.32265625 0.4421875 0.0078125 0.03203125
1 0.49921875 0.42109375 0.01015625 0.0296875
1 0.5484375 0.41640625 0.00546875 0.03203125
1 0.62421875 0.4453125 0.009375 0.03125
1 0.49921875 0.41171875 0.00859375 0.009375
1 0.5484375 0.41171875 0.00546875 0.01171875
1 0.62421875 0.4359375 0.0078125 0.0109375
