1 0.2671875 0.39453125 0.00703125 0.01171875
1 0.2671875 0.38203125 0.00859375 0.04375
1 0.2953125 0.40859375 0.00625 0.0125
1 0.2953125 0.3984375 0.009375 0.03984375
1 0.3234375 0.440625 0.00625 0.03203125
1 0.4984375 0.41875 0.00859375 0.03359375
1 0.54921875 0.41953125 0.00859375 0.03046875
1 0.62421875 0.44375 0.009375 0.03828125
1 0.32265625 0.4515625 0.00390625 0.00546875
1 0.4984375 0.41015625 0.00625 0.0140625
1 0.5484375 0.41171875 0.00546875 0.00859375
1 0.62421875 0.4375 0.00703125 0.01171875
