1 0.265625 0.38125 0.01015625 0.04140625
1 0.29453125 0.39609375 0.00859375 0.0359375
1 0.321875 0.44453125 0.0078125 0.00859375
1 0.32109375 0.440625 0.00859375 0.03359375
1 0.496875 0.41953125 0.0140625 0.03046875
1 0.5453125 0.41796875 0.0140625 0.0296875
1 0.625 0.44609375 0.009375 0.03359375
1 0.2671875 0.3828125 0.00859375 0.0125
1 0.29453125 0.396875 0.009375 0.01015625
1 0.4984375 0.4109375 0.00859375 0.0140625
1 0.54609375 0.4109375 0.01328125 0.0140625
1 0.62578125 0.43671875 0.009375 0.01484375
