1 0.23359375 0.3625 0.01171875 0.05078125
1 0.234375 0.35 0.00859375 0.01328125
1 0.2703125 0.38046875 0.01015625 0.0375
1 0.27109375 0.3703125 0.00703125 0.01015625
1 0.30625 0.43203125 0.0078125 0.03515625
1 0.30625 0.42421875 0.00625 0.0125
1 0.50078125 0.41875 0.00546875 0.01484375
1 0.50078125 0.41015625 0.00703125 0.03359375
1 0.55390625 0.41875 0.00625 0.01328125
1 0.5546875 0.4109375 0.0078125 0.03203125
1 0.63828125 0.44765625 0.00546875 0.01171875
1 0.63828125 0.43828125 0.0078125 0.03125
